0.000000000000000732
0.000000000000000763
-0.000000000000000648
0.000000000000000038
-0.000000000000000665
0.000000000000000069
0.000000000000000011
0.000000000000000057
0.000000000000000038
0.000000000000000014
0.000000000000000052
-0.000000000000000720
0.000000000000000023
0.000000000000000047
0.000000000000000016
0.000000000000000009
-0.000000000000000012
0.000000000000000773
-0.000000000000000680
0.000000000000000731
0.000000000000000763
0.000000000000000040
0.000000000000000740
-0.000000000000000716
0.000000000000000009
0.000000000000000032
0.000000000000000736
0.000000000000000006
0.000000000000000026
-0.000000000000000674
-0.000000000000000002
-0.000000000000000713
0.000000000000000018
0.000000000000000026
-0.000000000000000680
0.000000000000000058
-0.000000000000000001
0.000000000000000002
0.000000000000000022
0.000000000000000017
0.000000000000000050
0.000000000000000060
0.000000000000000029
0.000000000000000075
0.000000000000000010
0.000000000000000042
0.000000000000000022
0.000000000000000013
0.000000000000000013
0.000000000000000049
0.000000000000000005
0.000000000000000783
0.000000000000000002
0.000000000000000051
-0.000000000000000678
0.000000000000000048
0.000000000000000048
0.000000000000000009
0.000000000000000069
0.000000000000000785
0.000000000000000029
-0.000000000000000717
-0.000000000000000704
-0.000000000000000712
0.000000000000000019
0.000000000000000786
-0.000000000000000699
0.000000000000000072
0.000000000000000044
-0.000000000000000659
-0.000000000000000002
0.000000000000000014
0.000000000000000011
-0.000000000000000706
0.000000000000000758
0.000000000000000743
0.000000000000000059
0.000000000000000016
-0.000000000000000697
0.000000000000000029
0.000000000000000018
-0.000000000000000663
0.000000000000000001
-0.000000000000000704
-0.000000000000000008
0.000000000000000029
-0.000000000000000720
0.000000000000000026
0.000000000000000025
0.000000000000000049
0.000000000000000051
0.000000000000000029
0.000000000000000032
0.000000000000000022
0.000000000000000062
-0.000000000000000709
0.000000000000000014
0.000000000000000067
0.000000000000000002
0.000000000000000022
