24882.976880399248329923
26161.112508919617539505
25277.000091301579232095
25222.954061793563596439
24898.589630774327815743
25636.200778251732117496
26557.546324227161676390
24282.159906145370769082
25359.192840673113096273
25495.085387950042786542
25913.595443752492428757
25441.496803747100784676
23714.067951919012557482
26949.110931656323373318
26018.027722315313440049
25120.199074671982089058
25630.548893866533035180
25058.335486561314610299
25700.189022811966424342
24731.088964052920346148
25720.723230634590436239
23766.655845143046462908
24877.245931183540960774
24266.323215252716181567
26182.511594816187425749
25172.953694416781218024
24499.267267327162699075
24177.366007140062720282
24685.832838754318800056
26547.602326217973313760
26506.172767404605110642
24283.340587104281439679
24114.936545079221104970
24610.511668395098240580
25340.320394637554272776
25817.594536558055551723
24776.930740744606737280
24869.437738981647271430
24705.575051366235129535
25499.787642426534148399
24920.403015550356940366
23905.350763983413344249
25692.967084070402052021
25174.674127097827295074
24611.980057904325803975
25943.580100976345420349
26390.076064562170358840
25072.010957635571685387
24976.348743114162061829
24542.523850769895943813
25110.254001650984719163
26314.522320421834592707
24673.216318480121117318
25432.249769990510685602
24653.705372222146252170
25355.933301386950915912
25076.515583000014885329
25180.984828066491900245
25682.598939027710002847
25391.587280493815342197
24456.113754149959277129
25773.666204815937817330
24917.600754514383879723
24866.056087464046868263
25003.791486083406198304
26053.129794838521775091
24739.667823729592782911
25539.423078296658786712
23757.778232993809069740
25701.713619007161469199
24299.230091570861986838
25053.744429710739495931
26222.157537033992412034
25728.331620708690024912
24384.281793557111086557
25610.248445470482693054
24754.072176797297288431
24072.578363740140048321
25178.976888109074934619
25851.811274420193512924
26209.625681271940266015
24810.325506013781705406
23887.341687190462835133
26237.704746309362235479
24537.984931560575205367
25718.398679673315200489
25557.775008045678987401
25116.835335023664811160
25094.115511199590400793
25402.522028759776731022
26492.599181578290881589
25723.454431256297539221
25138.524774826753855450
25033.476675910933408886
25294.574083596227865200
25945.869152840503375046
25823.088278798739338527
24990.784322157214774052
25195.498947147709259298
24131.336134509561816230
