5228.228675299184942560
4572.731036481325645582
5098.786371245923874085
4687.686305342533160001
4934.834718736524337146
4675.266467307998937031
5145.913050846052101406
4617.048644210839484003
5129.214361540186473576
4910.873296951842348790
5324.365533850222163892
5193.839207710818300257
4985.398647736778912076
4846.006002766496749246
5478.316501666901785939
4931.851025489721905615
4559.318600989132391987
5371.897419166749386932
5195.760274660755385412
4999.116578693468909478
4970.334163890863237611
4562.202768122824636521
4942.648565283697280393
5208.831981965525301348
4315.473896069659531349
5006.739743626649215003
5391.640466208603356790
5268.550613803255146195
4532.753301349429420952
4938.569244007824636356
5168.822765780441841343
5352.186709735917247599
5063.118509612758316507
4454.621570931696624029
5073.096833121899180696
5426.182633789670944680
5365.743467136879189638
5148.575071947856486076
4869.158843678879748040
4500.319647427267227613
4828.566870034340354323
5297.339436812849271519
5153.956382268755078258
4779.021260265049022564
5521.444896822294140293
5364.655923748842724308
4904.154205309630924603
4826.559226403587672394
4958.732153699766968202
5119.338648552458835184
4996.292688161553996906
5133.742927941413654480
5103.161957375408746884
5090.896817349442244449
4997.788888474970008247
4251.101872599212583737
4921.477166536896220350
5213.867131659097140073
5025.695934361406216340
4770.290797111043502809
4742.138294342659719405
5375.529297538216269459
4940.434364050453950767
5123.677550739162143145
5013.133077217804384418
5255.870402459105207527
5500.968405805389920715
4813.517382309914864891
5117.255913754023822548
4913.661176570047246059
4458.507916121629023110
4570.083411690020511742
4697.960235638728590857
5164.696645049643848324
5030.019539275565875869
4599.086500184997930774
4720.110625859357242007
5489.357760434770170832
5181.597577900185569888
5136.319968439292097173
5050.313845091673101706
4704.268204938097369450
5384.243317578435380710
5203.774362112311791861
4929.651759505146401352
4914.869355228279346193
5068.684072192828352854
5266.083988933448381431
4960.141178456320631085
5050.762990097826332203
5274.540935355685178365
5147.959051860412728274
4828.439878786769440921
5142.313833085241640219
5440.084994993903819704
5098.201215427212446230
5278.841687109715167026
4876.335562430054778815
4846.277648495217363234
5099.137535318471236678
