2.499999999999999112
2.500000000000001332
2.500000000000000444
2.499999999999996447
2.500000000000001776
2.500000000000000000
2.499999999999999556
2.500000000000000444
2.499999999999999556
2.499999999999998224
2.499999999999999112
2.500000000000000000
2.499999999999996003
2.500000000000000444
2.500000000000000444
2.500000000000000000
2.500000000000001332
2.500000000000001776
2.500000000000000000
2.500000000000000444
2.500000000000000444
2.500000000000003997
2.500000000000002220
2.500000000000001776
2.500000000000001332
2.500000000000003109
2.499999999999997335
2.500000000000001776
2.500000000000000888
2.499999999999999112
2.499999999999999556
2.500000000000001332
2.500000000000001776
2.500000000000001776
2.500000000000001776
2.499999999999999556
2.499999999999998668
2.500000000000000888
2.499999999999999112
2.500000000000001332
2.500000000000000000
2.500000000000001332
2.500000000000000888
2.500000000000001332
2.499999999999998668
2.500000000000000000
2.500000000000000444
2.500000000000001776
2.499999999999999556
2.500000000000000888
2.499999999999999556
2.500000000000000444
2.500000000000001776
2.500000000000001776
2.500000000000000000
2.500000000000000000
2.500000000000000000
2.500000000000000444
2.499999999999999112
2.500000000000000000
2.500000000000000000
2.500000000000001776
2.500000000000000000
2.500000000000000000
2.499999999999999556
2.500000000000001776
2.500000000000000444
2.500000000000001332
2.500000000000000000
2.499999999999999556
2.500000000000000888
2.499999999999998668
2.500000000000000888
2.499999999999999112
2.500000000000000444
2.500000000000000888
2.500000000000000000
2.499999999999999112
2.499999999999999112
2.500000000000000888
2.500000000000000888
2.500000000000000888
2.499999999999999556
2.500000000000000444
2.500000000000000000
2.499999999999999112
2.500000000000000444
2.499999999999999112
2.499999999999999112
2.500000000000000000
2.500000000000001332
2.499999999999999556
2.499999999999999556
2.500000000000000444
2.499999999999998224
2.500000000000000000
2.500000000000000444
2.499999999999999556
2.499999999999999556
2.500000000000000000
