25752.841704279326222604
23992.451454711357655469
25349.585689851111965254
24312.596966229702957207
24928.576577216965233674
24435.004047320955578471
25404.514083630649111001
24129.004169672487478238
25554.012494606951804599
24942.015819969663425582
25886.560101681465312140
25586.780955199665186228
25105.578578049924544757
24641.892380751873133704
26226.509406519300682703
25036.073970335306512425
23965.621601207840285497
25940.064458291446499061
25672.670626603459822945
25026.103311682632920565
25025.243160723930486711
24153.473564343974430813
24974.302803207436227240
25699.174995748649962479
23348.578047983155556722
25065.779493022029782878
26169.983321304651326500
25837.236367366778722499
23868.087111049069790170
24924.828380075199675048
25522.652524903256562538
25899.412492056690098252
25160.569550081043416867
23885.321301993157248944
25303.408325180225801887
26303.813122731080511585
26023.725184706672735047
25601.210060838970093755
24726.090414925369259436
23955.377610625891975360
24629.400514874869259074
25862.636797133138315985
25421.599950976258696755
24591.777792293516540667
26353.523026896298688371
25962.713185273951239651
24783.485325808072957443
24607.185586282281292370
25084.373571431046002544
25436.099310729918215657
25061.518110523684299551
25375.077000205670628930
25344.447476217133953469
25244.414613400476810057
25168.076368387923139380
23370.136432855728344293
24901.461002921751060057
25658.136171312398801092
25305.847330870346922893
24561.719148084404878318
24430.143330089478695299
26053.211977773968101246
24971.351364192290930077
25351.808705290462967241
25184.190859852398716612
25696.357592000997101422
26469.045187922405602876
24628.301752035877143499
25385.723790779662522255
25031.739465969174489146
23789.723157695894769859
24125.190534712535736617
24449.571940657693630783
25560.472684345277230022
25272.361047012178460136
24202.168458300020574825
24359.768310032741283067
26241.930303942252066918
25500.350492614994436735
25562.459777060688793426
25131.942629102584760403
24479.264769837711355649
26155.331984262036712607
25588.908664124581264332
25016.466918514161079656
24904.594399199013423640
25332.560792578417022014
25686.857779314654180780
24993.010909807624557288
25219.992641655382612953
25886.269449640542006819
25539.017371645051753148
24792.914097145061532501
25479.262629628159629647
26262.047524853962386260
25264.203290666329849046
25825.198335908135049976
24859.220210788374970434
24733.849368833398330025
25418.350244989014754537
